
0 58 b0 30 68 28 60 e0 
d0 90 50 10 c0 40 38 78 
8 28 48 68 a0 e0 20 60 
18 58 80 0 70 30 f0 b0 
10 30 50 70 90 b0 d0 f0 
78 58 38 18 40 0 c0 80 
30 70 b0 f0 58 18 0 80 
e0 a0 60 20 28 8 68 48 
20 0 60 40 a0 80 e0 c0 
48 58 68 78 8 18 28 38 
f0 d0 b0 90 70 50 30 10 
80 c0 0 40 18 38 58 78 
60 20 e0 a0 68 48 28 8 
b0 f0 30 70 0 80 58 18 
38 18 78 58 c0 80 40 0 
50 70 10 30 d0 f0 90 b0 
40 60 0 20 c0 e0 80 a0 
78 68 58 48 38 28 18 8 
90 80 b0 a0 d0 c0 f0 e0 
10 0 30 20 50 40 70 60 
28 38 8 18 68 78 48 58 
e0 c0 a0 80 60 40 20 0 
58 78 18 38 0 40 80 c0 
30 10 70 50 b0 90 f0 d0 
c0 80 40 0 38 18 78 58 
d0 f0 90 b0 50 70 10 30 
68 48 28 8 60 20 e0 a0 
0 80 58 18 b0 f0 30 70 
70 50 30 10 f0 d0 b0 90 
18 38 58 78 80 c0 0 40 
a0 80 e0 c0 20 0 60 40 
8 18 28 38 48 58 68 78 